4.72111
3.79501
6.47263
5.60812
1.36204
1.164
1.20695
5.5786
1.22923
6.34718
7.32205
1.00369
1.11765
1.35292
1.28091
1.37776
1.34002
1.04728
1.16189
1.17599
1.19196
1.20646
1.32345
1.37061
1.20667
1.15102
1.21685
1.32992
1.71015
1.18969
1.36524
1.02262
1.18451
1.36227
1.27806
1.2878
1.33351
1.23021
1.24398
1.20014
1.1501
1.29917
1.18874
1.1659
1.32809
1.62403
1.14281
1.02092
1.43074
1.18322
1.19997
1.30013
1.11519
1.25604
1.25152
1.2421
1.0423
1.21715
1.22752
1.21658
1.1873
1.08071
1.16422
1.22661
1.05048
1.26084
1.18717
1.17086
1.18919
1.1559
1.26541
1.34633
1.25085
1.15925
1.14821
1.20341
1.14964
1.33586
1.14082
1.18164
1.18362
1.16726
1.17544
1.1059
1.18807
1.06379
1.13169
1.14092
1.14011
1.18597
1.13008
1.06758
1.14484
1.09014
1.08131
1.12699
1.09707
1.13897
1.12122
1.14263
