6.54329
4.5411
6.02487
4.16209
1.62827
1.72169
1.74017
5.84941
1.71062
7.67884
8.64818
2.45539
2.71872
1.63992
1.72252
1.64761
1.7375
2.39009
2.81611
2.41034
1.74255
1.7649
1.84502
1.91111
2.56618
2.20989
2.45232
1.97254
2.75232
1.8724
1.74572
1.47223
1.4514
1.44343
1.8373
1.77767
1.47217
1.76511
1.90463
1.28683
1.37277
1.6757
1.95018
1.29937
1.14046
1.42872
1.59357
1.58772
1.46714
1.43
1.80374
1.48966
1.83166
2.0044
1.96893
1.94568
1.86475
1.90494
1.33981
2.06474
1.74256
1.72541
2.01507
1.43452
1.70637
1.744
1.99657
1.56996
1.7619
2.22849
1.24814
1.91068
1.9139
2.25094
2.28721
1.96455
1.82306
1.85348
1.36536
2.04204
1.97129
1.67293
1.58269
1.49995
2.25047
1.48058
2.45158
2.42303
2.38912
1.54699
2.43453
1.47474
1.63703
1.66921
1.32978
2.43819
2.49622
2.32327
2.42458
2.36838
