4.9897
3.45628
4.53835
3.67458
1.11218
1.07837
1.05766
4.1257
1.11255
4.9907
5.23923
3.0891
3.36356
1.13079
1.14841
1.1078
1.16352
2.92231
3.48876
2.72912
1.10284
1.11823
1.1902
1.22551
2.9308
2.40682
2.68729
1.99991
2.70919
1.91879
1.8226
1.55219
1.47339
1.48868
1.16393
1.18002
1.53771
1.12696
1.17069
1.30946
1.42325
1.13558
1.16987
1.34254
1.13616
1.42136
1.62151
1.62552
1.46196
1.43077
1.08148
1.48749
2.96142
1.13957
3.42823
1.09225
3.21058
1.0881
2.17047
1.11971
2.51192
2.87841
1.11216
2.26111
2.69419
2.58102
1.1222
2.54254
2.49139
1.12002
1.84557
2.46629
2.92142
1.09027
1.13035
1.07002
2.58034
2.44184
1.87285
1.10652
1.09542
2.6209
2.06709
2.23539
1.10061
2.01095
1.09235
1.0754
1.09216
2.05376
1.07992
1.88057
2.12312
2.22939
1.69387
1.12513
1.15165
1.14242
1.16928
1.14998
