2.41981
1.86099
2.11076
2.06054
1.21268
1.21306
1.25737
2.02187
1.25865
2.11991
2.02173
3.24888
3.59541
1.26686
1.22729
1.07111
1.2254
3.29778
3.67305
3.77879
1.20635
1.23634
1.32879
1.41343
4.00433
3.77405
4.08843
3.21623
4.60305
3.34285
3.15805
2.35293
3.6755
2.52159
1.41649
1.42404
2.34803
1.35944
1.48083
2.84314
2.16451
1.3577
1.43981
2.15828
2.94006
3.22871
2.20809
1.94566
2.79736
2.5944
1.2625
2.64158
1.49778
1.36998
1.75626
1.34601
1.5404
1.37186
1.23198
1.43701
1.40434
1.45348
1.42766
1.16406
1.33398
1.28403
1.45889
1.25283
1.55445
1.54485
1.11355
1.43187
1.37659
1.51319
1.569
1.35878
1.47956
1.37297
1.18104
1.38615
1.34945
1.5665
1.30302
1.40566
1.49133
1.26118
1.58553
1.56016
1.55815
1.25331
1.57234
1.24175
1.29465
1.35611
1.21498
1.63725
1.68
1.61437
1.67305
1.63432
