1.54235
1.38091
2.04025
2.10808
2.47747
2.14568
2.21443
1.93992
2.3259
1.78772
1.77245
2.58619
2.9366
2.62646
2.41716
2.68665
2.56997
2.58353
3.08581
2.53641
2.23411
2.23322
2.41389
2.44179
2.70085
2.24961
2.51863
2.04548
2.72452
1.85323
1.70597
1.63554
1.60298
1.48883
2.33854
2.38147
1.52917
2.28304
2.22162
1.53142
1.59943
2.44061
2.11248
1.5063
1.52126
1.51119
2.11298
2.05066
1.85068
2.05278
2.16448
2.06073
1.27464
2.17424
1.41206
2.13958
1.43603
2.1662
1.6511
2.09734
1.32045
1.51178
2.03901
1.75849
1.55268
1.669
2.09364
1.78556
1.11412
1.94901
1.66967
1.37607
1.6351
1.96717
1.92786
2.10987
1.17545
1.45875
1.49833
2.0225
2.06601
1.25326
1.29216
1.31717
2.00147
1.29651
1.8729
1.87832
1.89025
1.408
1.86883
1.25337
1.27704
1.19203
1.34504
1.8416
1.75802
1.87559
1.80611
1.86528
