2.58843
2.23288
2.90257
2.68164
2.16892
1.86551
1.91756
2.7432
2.01717
2.98378
2.937
2.8163
3.06112
2.30433
2.14422
2.36707
2.29643
2.69349
3.22899
2.86267
1.98546
1.99943
2.15686
2.14369
3.05005
2.60086
2.89248
2.32227
3.21105
2.23338
1.95547
1.48729
1.53948
1.57665
2.00853
2.01377
1.5604
1.95404
1.90259
1.34971
1.35192
2.07579
1.81752
1.28432
1.26422
1.6512
1.40655
1.39041
1.47425
1.24022
1.88995
1.41449
1.23424
1.904
1.26555
1.8755
1.29564
1.88781
1.52722
1.83523
1.30496
1.35525
1.7649
1.59615
1.38301
1.55424
1.81322
1.56505
1.00757
1.70887
1.56023
1.40026
1.5113
1.72549
1.69042
1.8395
1.05862
1.44552
1.35619
1.77036
1.80015
1.14371
1.29727
1.21064
1.75646
1.25714
1.65441
1.66527
1.6662
1.38696
1.66008
1.21657
1.25657
1.12683
1.29076
1.63842
1.56768
1.6501
1.59599
1.64591
