4.00996
2.82793
3.20891
2.4515
1.59424
1.35719
1.39372
3.04207
1.4005
3.55799
3.52403
1.11391
1.25259
1.55078
1.47528
1.6058
1.54681
1.11939
1.2692
1.19587
1.38589
1.39776
1.50322
1.53712
1.23478
1.19155
1.26073
1.45905
1.78385
1.17461
1.26251
1.21193
1.194
1.11298
1.4023
1.39384
1.11493
1.36539
1.3412
1.08579
1.0991
1.43303
1.2974
1.11127
1.08658
1.23506
1.19273
1.29447
1.12416
1.15238
1.3893
1.14306
2.17887
1.42652
2.35097
1.43012
2.24835
1.37859
1.56888
1.35808
2.00479
2.06504
1.30592
1.70469
2.05527
2.05566
1.31485
1.90512
2.01258
1.27114
1.4369
2.21181
2.28838
1.29332
1.24577
1.37929
2.15269
2.15276
1.59852
1.34338
1.35458
1.91013
1.78261
1.71248
1.32371
1.6881
1.2474
1.27755
1.26141
1.75286
1.25678
1.67025
1.88039
1.93841
1.49598
1.2196
1.18571
1.23649
1.19088
1.22239
