1.42395
1.09535
1.28604
1.26069
1.61832
1.44335
1.51076
1.2876
1.55986
1.22535
1.15208
2.84083
3.09072
1.69686
1.64165
1.77612
1.74711
2.68755
3.21172
2.50653
1.51905
1.5384
1.70872
1.75169
2.68786
2.29768
2.51994
2.1229
2.63279
1.85846
1.82478
1.50907
1.47358
1.5182
1.65647
1.65099
1.5544
1.58735
1.64483
1.30471
1.40392
1.62177
1.5889
1.33379
1.14491
1.49954
1.63038
1.5929
1.52731
1.46139
1.5112
1.54086
1.1871
1.62496
1.34366
1.5647
1.1436
1.5902
1.14301
1.633
1.21212
1.11474
1.57897
1.12796
1.0312
1.21845
1.62289
1.10194
1.27479
1.67898
1.17609
1.37298
1.22988
1.6941
1.71028
1.57593
1.22911
1.33722
1.07761
1.54944
1.54168
1.23369
1.19841
1.1352
1.68143
1.09452
1.7602
1.73252
1.71809
1.18531
1.75275
1.10814
1.1889
1.17103
1.05596
1.77045
1.76928
1.70549
1.74698
1.72735
