2.15757
1.92437
2.65644
2.95143
2.45791
2.11687
2.17893
2.60452
2.36312
2.4252
2.37157
2.94769
3.54995
2.7112
2.48604
2.71388
2.62601
3.18176
3.85565
2.79048
2.22841
2.23474
2.44266
2.46848
3.00639
2.39654
2.6823
2.17929
2.54206
1.80004
1.78319
1.76241
1.62923
1.57899
2.36018
2.46087
1.66462
2.29991
2.21868
1.56216
1.71158
2.51451
2.10382
1.62167
1.48791
1.53552
2.17571
2.15065
1.8366
1.96411
2.13239
1.98302
1.35908
2.13361
1.30559
2.08397
1.39277
2.1133
1.64946
2.05229
1.44482
1.43489
1.98636
1.70108
1.45274
1.68659
2.04231
1.61184
1.11658
1.87891
1.69101
1.5733
1.63844
1.9018
1.86552
2.05144
1.16847
1.61814
1.41511
1.97516
2.01999
1.2109
1.43631
1.29247
1.95145
1.36348
1.80587
1.80903
1.82439
1.51227
1.79534
1.33854
1.38597
1.23994
1.39497
1.7614
1.67149
1.7985
1.72918
1.79401
