1.7632
1.4093
1.95221
1.76019
2.46466
2.12344
2.18994
1.76479
2.29799
1.82849
1.7851
3.53754
3.81258
2.5776
2.4457
2.78065
2.63872
3.39966
3.84102
3.48387
2.2588
2.26443
2.48079
2.50898
3.73076
3.17581
3.55856
2.54206
3.78162
2.71079
2.07826
1.5398
1.56318
1.53792
2.31103
2.31963
1.51675
2.23852
2.18558
1.32352
1.29556
2.3546
2.10483
1.22313
1.24455
1.57803
1.29174
1.32024
1.34864
1.11835
2.18779
1.26729
1.45362
2.29754
1.66936
2.19653
1.47006
2.16721
1.16892
2.1458
1.41269
1.39261
2.04121
1.12604
1.3098
1.31337
2.07998
1.20601
1.54209
1.94627
1.06125
1.49627
1.39802
1.98165
1.93407
2.14135
1.48562
1.43114
1.16013
2.10686
2.13423
1.51228
1.33703
1.367
2.05573
1.27842
1.87805
1.89061
1.90301
1.29618
1.86895
1.26791
1.3422
1.39025
1.17752
1.82981
1.73894
1.8633
1.79336
1.86107
